,x1,x2,x3,y
0,0.9642292694174067,1.9956674897839644,0.24414336586013619,1
1,-1.3580618573630545,-0.25495579355369785,0.5028902813014561,0
2,1.7320567871241188,0.26125053123385605,-2.214177477137621,1
3,-1.5198776624767634,1.0237095461069814,-0.26269143137036033,0
4,4.020261576429226,1.3814540786904865,-1.5821434050254581,1
5,0.4125102519043715,0.6863184569567008,-0.5349500641235907,0
6,-1.6927846176611947,1.5730197252148563,1.4161803943277034,0
7,0.46430127618131,-0.9571509148950429,-1.4074995956641652,1
8,1.7659125300982408,0.39379729821625153,1.8522468692450267,1
9,-1.8256463596674741,1.4816634024625988,2.0264629258709395,0
10,0.3003478151877199,0.1973157074055956,-0.6447460294687366,0
11,-0.054346687749997624,0.22530792204094158,-0.9389505372690066,1
12,-1.6120810143384738,0.12354769595558233,0.6392461024900594,0
13,-0.4396428058697157,-0.6947131310890582,-0.8548399955403814,0
14,-1.4036870390425629,-1.0138959522925377,3.4960943291669007,0
15,-0.3887539456874972,-1.9701038177118355,-0.9601279732339767,0
16,-1.4936442849361433,0.9413105807674833,2.0791231625420785,0
17,0.3653690202407842,0.5565531245337582,0.2336123460909798,1
18,-1.1743602806839406,0.3904648499288896,-1.092203593543738,0
19,-0.8606723524863586,-1.5859833122379583,1.279825601305368,0
20,-0.9326533339152075,1.341475915530881,0.7533133324183808,0
21,-1.4375801371069905,-0.01926037973439464,-1.241575123752939,0
22,1.7306297203043093,-1.1300693390403578,1.8020119332839073,1
23,0.4699633783207091,-1.0917008761393143,-0.7322671943216712,1
24,-0.6236297928527773,-0.5388418561927383,1.0795238209550095,0
25,-2.576954461376458,0.9262154022415924,-1.439675315839857,0
26,1.0879929262927504,-0.5164296438875717,1.3240235756260161,1
27,-0.43362008525108187,-0.15083771156669531,2.426086223343183,0
28,-1.0939316474730107,0.8823330623234091,-1.1047079168408083,0
29,-0.8789985022011263,0.3721054726068629,-0.17766339601143555,0
30,-1.1216761941336244,-0.5309708978119645,-0.42659859983889614,0
31,-0.14632968510417,1.2468917155347194,-0.3055700284624254,1
32,0.6646940307329046,0.6021183203924835,0.7265549363642312,1
33,1.0097622736406522,-1.3224579567435701,-1.8418833960111414,1
34,-0.8761951013831439,0.3764095260975166,-0.8570716297806176,0
35,0.692566445684734,0.820344012612456,0.5017155926595585,1
36,-0.09154666780661158,1.617212574968624,-0.7273359834485558,0
37,-1.1736682467533475,-0.3020454994898642,0.01211396840006973,0
38,0.3505064567410672,-2.9911359709007233,0.516328039000495,1
39,0.7630163497303595,-1.4511756900515589,-0.42944873488237867,0
40,2.2771856815591205,0.7833905092825955,-0.4977201080203948,1
41,-1.5563386442675387,2.412615421612916,-0.8654492119606938,0
42,-0.9460259180291346,0.41486550036191044,2.029842299340718,0
43,-0.853323465031464,0.02390304328495547,0.8272140806918152,0
44,1.9705617182058655,-1.7073579575929467,-1.9669287563218671,1
45,1.1324962600043706,-0.3519213178165091,1.1242204452194455,1
46,-0.7108957081173233,-0.7341737987784958,0.21020872671918855,0
47,-0.6653597477124392,-0.9735461997044687,-0.8874726582067207,0
48,-0.4207467720425684,0.09337237427665124,-0.587236027017144,1
49,1.6865595485775817,-0.3340772309799405,-0.21015535126988671,1
50,0.32954461318114314,-1.1225448062444139,-1.003398424787518,1
51,1.0941108968728543,0.2522403964266774,1.2073712138645598,1
52,-1.041849105036455,-0.6067002947652967,1.0576760656314912,0
53,1.388979244509299,-1.496529255090079,0.30996695419804854,1
54,0.46168007008737366,-1.2376624223272978,-2.47663179733426,1
55,1.4795487973670614,1.1243533598705027,0.8097968402111901,1
56,0.48852981613995416,-0.04551224530124217,0.24639274266123934,1
57,-1.326262552945681,-0.6757080791616118,0.07330998429542634,1
58,0.8838455533174182,-0.8330560570007587,0.5164605471124514,1
59,0.47603175150225985,0.4209729443893898,-0.5553637791457608,1
60,1.5972814392249186,-0.02355215087423812,-1.318613721999277,1
61,0.27009851469374935,-1.2111719292807812,-0.5842675265498494,0
62,-2.142140425136745,-1.5537587660160643,-1.441904594052713,0
63,-0.04004040718033264,-1.7785875840065168,-0.37100435099479534,1
64,-1.4347088052009522,0.46320629209912306,0.6473060079608641,0
65,-0.5028377677837033,-1.10486279306252,-0.7628656834401477,1
66,-0.759203083570571,-0.5574230531083212,-1.2231941283978025,1
67,0.4086734407686625,-0.08059974929676088,0.44401453914450617,1
68,-1.2161075970278052,0.46926758980852623,0.3819940959932141,0
69,-0.6021145239090464,-0.6353623888256293,0.15916318788593964,0
70,-0.1979839809409525,1.7495839042054206,0.42161361131371744,1
71,-0.5104573056590848,2.0565435648295414,2.1839178551507126,0
72,0.5956447199701553,-1.8461878622380938,-1.4592268676806124,1
73,0.7171890017468961,-1.503080301759818,-2.8898342052428405,1
74,1.6794108423746419,1.9925153531681183,1.0537123338454109,1
75,1.8498240195916442,0.18142662011397137,2.123128660138793,1
76,0.8768509232253777,0.6687416555925126,-3.351681324941178,1
77,2.2791794566003505,-0.5698329282387588,2.359697080268391,1
78,0.6835650846483708,-0.7859860326349823,1.0395947858326746,1
79,-1.4226197276104604,0.5054701591666269,-1.2340496420189209,0
80,-0.9950205485392676,-0.8304444065565653,-1.8526148296236231,1
81,-0.5904461897040771,-0.5081401976473109,-0.9438842121032424,0
82,0.7256317857661266,-1.1476913898156673,0.5420373530562769,1
83,2.8222311609211648,-0.46649537922819795,3.0402779245336147,1
84,0.9016613294120901,-0.1755639454992155,1.1428980799942037,1
85,-0.3150753482939683,-2.0870270186020687,-0.5278954930824433,1
86,-0.23542304735973507,-0.19382613877280352,-0.7730854561081432,0
87,-0.07835578106684737,-0.13737178839939665,-0.6937523923257333,0
88,-1.0113083277403914,-0.9483480042242007,1.008989656028721,0
89,-1.3338201851664797,0.849102110743144,-0.6874550295611617,1
90,0.9699901234073857,1.4223698616985077,-0.39673566887304257,1
91,-1.4783541348069398,0.2806364044901364,2.0926032438463285,0
92,-0.747560845179044,-0.8953463223630241,-0.6479636736717482,0
93,-0.37654964211662767,1.0213832954293984,1.2920188697861124,0
94,-0.45206243872520246,1.0817667276728287,2.303572317756946,0
95,0.8638347680672003,0.7906255991627686,-0.5889498496232964,0
96,0.43356823535641886,1.5781180575621845,0.2286550428824241,1
97,2.7865335763491093,-0.6775646523356551,-1.906461693594084,1
98,-0.8234067531806701,0.33385996656853467,1.7287715568502398,0
99,1.6677503754218048,-0.061764199860128925,1.7817163927762294,1
100,-0.41349414144382024,0.0341524174880246,-2.044462049230024,1
101,1.2040470153973544,-1.8206033005485172,1.094453079808394,1
102,1.821317133258742,-0.6897277740641738,-1.4853089641732606,1
103,-1.8129845742706645,-0.9637589262106109,-1.0403365359655896,1
104,-0.6146000380245674,-0.7691423497872982,-0.8857039416185574,0
105,-0.4463980032494711,0.6157711497711416,-0.9458326583932422,0
106,0.7048517946407835,0.6929186230316111,-0.3672097975303532,1
107,-1.6919731223384131,0.3674816654743044,0.7087539157890713,0
108,-0.8219286979264323,0.19358991136754436,-0.9300204987578736,0
109,1.3166598681276287,0.8953554307625996,1.307456341390899,1
110,1.6590481160212844,0.40865281148067084,-0.2722054804685804,1
111,1.2390859357282038,-1.1165244399486591,-1.0581452076855058,1
112,1.2492900789642305,0.14338846734225108,-0.3695947939124389,1
113,-1.1282952479165813,-1.1119670257741636,0.6574489615043173,0
114,0.5870323573930554,-0.9266983088473107,0.5753475355407579,1
115,-0.9509918782436594,0.38632331781156,0.6394986288784439,0
116,-0.3800921464757503,-2.1533429198712444,-3.567883466656874,1
117,-0.5075880751950992,-0.828497024780246,-0.9573695438811127,0
118,-0.7408752776060394,0.885231482988991,0.18573440095004579,0
119,-0.7585313086663614,-0.6047446645382127,0.7022225993423667,0
120,-2.297937026775677,-0.23086637384476896,-0.01187157387991411,1
121,1.6500349957926002,0.6686548047579066,1.6434972635937828,1
122,-1.1338906253518313,1.4898634386020821,-0.8336241252841264,0
123,-0.7558991103918019,0.6256309336460009,1.130707872698332,0
124,-0.4450183091822124,-0.45730165508679,2.329717580598092,0
125,0.4724066441252236,-0.6315777291653314,0.5508509886724762,1
126,-0.9078600962478692,0.02246589281204638,-1.0725883038097368,0
127,0.09076439117403945,0.9681846605328611,-1.5553014671726297,1
128,0.08777843129015706,-0.5846177306571996,-0.042585889530903476,1
129,-0.7680893211834914,0.4631847952675847,1.8324993603777489,0
130,-0.3905627908488736,-0.1590452104000513,-0.6182603171043317,1
131,-1.0537227255320345,-0.9077561801469204,1.1350613393027644,0
132,-2.111879848850791,0.019616657693989903,-1.355588898518359,0
133,1.7760308316116706,-1.907807557877391,1.6686967048046806,1
134,-0.9003241580171191,0.2942241290134937,-1.2250960321892006,1
135,3.078496341931184,0.23007075919140207,-2.35047890823135,1
136,2.7119608896597107,-0.6677795564688862,2.9251395877620867,1
137,-2.759929159137869,-0.1627929060722942,-1.5198433279278174,0
138,-3.1503248055942588,-1.252393444413119,-1.5800206750222312,0
139,0.9250738868930759,1.0519476177229186,-0.4361033798974392,1
140,-0.3868358399435302,-0.0739475656083926,-0.13738269730621555,0
141,-0.7455121960015335,-1.3192471945987674,2.090847772073292,0
142,1.3336174164193086,0.2700573583914221,1.3256261875957216,1
143,0.6640066001907508,-0.8043157596599924,0.5210909070320509,1
144,3.3580271605704852,0.04977368718096008,0.5357467015899797,1
145,-0.5746818568277252,1.673452090298537,0.37747616739616263,1
146,-1.0411025087047472,0.6045153263553668,-1.0151792135118871,0
147,3.680944762382535,0.5752050161065663,-0.8237998649296393,1
148,-0.2700127142903461,1.4015985929464294,1.4026362922740665,1
149,0.3321924033442427,-0.15525904882474875,0.17858796422695167,1
150,1.820047147498127,1.7246966497611085,1.750085322027705,1
151,-0.43555511670197755,0.5987943895619102,-0.5439566590124767,0
152,-1.4367114773680636,-0.7847619081277034,0.5337772619879031,0
153,-1.093262105227425,-0.33513778117145177,-1.1908708113019593,0
154,-0.4069217932065444,0.6124687940136023,0.7780493402488564,0
155,2.09085105650909,0.570612997219531,-0.8794998254506754,1
156,-1.4136062056917957,1.6614701657280182,-0.9203967684011801,0
157,0.19000424293775575,0.1733416643704082,-0.5757977250214588,0
158,-0.5869700123450625,0.8925973382993092,-0.7839281478609479,0
159,-0.8119873276525049,-0.8224199323822006,-0.872129559996768,0
160,-2.0175645965599127,-1.6009039784765156,-1.2191947867205628,0
161,0.6344438984532108,-0.009300321138614417,-0.7617949228514992,0
162,1.1217297671015616,-1.44964521969853,-0.08257632055136921,1
163,-0.7841139219879596,1.472670675750982,-0.9776252981677451,1
164,-1.917685812924665,-0.07595102364252276,-1.4806371982631976,0
165,-2.7729944286945525,-0.10322175293249623,-1.4032140220997635,0
166,0.251617955025228,0.6012067489291149,-0.7571761736279676,0
167,0.5731201994134124,-0.5289777080640152,0.5340528463535862,1
168,1.9611770946468796,0.4577728661518858,0.4194294736911304,1
169,-1.8373382189576453,0.08568716140335904,1.2124281290907604,0
170,-2.2718466930848393,0.487872284871074,-1.1624407588324221,0
171,-1.1801182205256275,0.4663583744463345,-1.0208759862462062,0
172,-1.2373528463430548,0.8484308822052846,0.30463008401246816,0
173,-0.7061166482076024,-0.06613261462582246,-0.8354280407157578,0
174,-0.6845494759333757,-1.151014083619507,0.4159352556993925,0
175,-1.2171198784434243,-0.21804589539237385,1.8034703834107462,0
176,0.9239000327237596,0.8872908372667421,-1.377190146941394,1
177,-1.278715331086755,1.6426729532559634,-1.175983141759193,0
178,2.3418848371002996,0.30381859560487573,0.021339862667873577,1
179,-1.1194194037687266,-0.2797601684958344,0.34119199142976475,1
180,-0.13570934077138297,-0.47622087354465903,-0.7704960698569052,0
181,0.727359653269049,-0.5312142946075985,0.7664847358707816,1
182,-1.6956463572022686,-2.219300372747535,0.9108972021046016,0
183,-1.4626762442153658,-1.2585049106753345,2.5241482018294503,0
184,0.9855215928773686,0.1600182258527877,-0.7372932280203961,1
185,-1.4214010343988845,-0.12545426000290022,1.50034729559084,0
186,2.568945687726421,-0.28487549336967083,2.6737824333072697,1
187,2.4849824490713623,-0.5466800845872654,-1.579369967798605,1
188,2.4744994810336163,0.5514762752395233,-0.27610741512177106,1
189,2.4003723701465685,-0.8484286341908146,2.5961401024519546,1
190,0.8178466379900913,-0.31984752325484395,-0.44597425458052364,0
191,-0.8709609446138056,0.3676492929914216,1.1977038971988485,0
192,0.12363979604400421,0.20726732939894396,-1.2365392752077555,1
193,-1.1800480293799889,0.6255080168310357,-0.811604407341753,0
194,-0.25171859621292303,-3.0195121558208253,-0.8002129159765416,0
195,0.36728586528980156,-1.5311075025557221,-1.0180034741502466,1
196,0.12509942340976032,0.7505791675217656,-0.20800635863114558,1
197,-0.9172710357936054,0.4632885301181062,1.7103368511949801,0
198,-0.7782292725771692,-0.8610879101735704,2.13405864279194,0
199,0.8433695093624853,0.47635776935621926,-0.5076584767190596,0
200,0.27396389098576934,0.34005129456889044,-2.626862879673275,1
201,-0.45234181725510014,0.3350580290841175,1.128494585981065,0
202,-1.0340172078912282,0.32782117284308526,2.694579612040401,0
203,-1.4861158914536379,-1.405567019178642,0.9348436399858013,0
204,0.9369933763046112,1.4532606633210343,-0.29930346659590457,1
205,0.06647515848329055,0.10575379127148042,-0.17104771805273833,1
206,2.0883745134651193,-0.08343796979036086,-2.936815420847739,1
207,2.72811163241722,1.1695899924277735,0.7275628407295105,1
208,-0.5796561835303944,-0.8184286659420014,0.49857235640204245,0
209,0.2517835010553562,0.9965705105794472,0.19152703383770275,1
210,1.6256637636225135,-0.5888668267386961,1.5989944863476286,1
211,3.414536417493895,0.26028050658288615,-0.8409429992917462,1
212,-1.3244107752638405,1.4196030045136372,-1.1669030167609262,0
213,0.7402418386342272,-0.7837656655863965,-1.5105128948265814,1
214,-0.03100730842597943,-0.025574312191994436,-0.7505911520186774,0
215,1.149503007783421,-0.11622904312195817,1.3031451474462747,1
216,0.4324230215552316,0.271495310825648,-0.7390693830831785,1
217,-0.7802384651889086,0.9184544439424138,1.5435305982680538,0
218,-2.1494709706326964,-1.2575778589146163,-1.248891718662567,0
219,-1.131598819011737,1.0715431522348857,0.3095448708374805,0
220,1.250931982057757,-0.936506374789596,1.261286008734074,1
221,1.6099484959373778,0.8901984111247868,-0.8539868362043075,1
222,-0.7716837582725288,-0.18039168176240783,-0.9826495673138833,0
223,2.123718114410471,-0.413465161123276,-1.6827267296424382,1
224,-2.510282567290737,1.1210306673244714,-1.532181706927974,0
225,0.9948468761971598,0.7774073527645112,0.8058801656219651,1
226,-1.3825004275456174,-0.3294477863470914,2.2995086961218822,0
227,1.8392380079403248,-0.5353350870162231,2.1744277323450603,1
228,0.6871950927776603,-1.3354815690998914,0.7929448544192359,1
229,0.3602210979505417,-0.41619440488525394,0.3017741973473168,1
230,2.164633600240614,-0.2716551103260533,-0.8786791686740647,1
231,0.6477832978775611,-0.6058608207588934,-2.5355410410918964,1
232,-0.14555595292141388,-0.12754912037753421,-0.6873183844884341,0
233,0.2601878091085391,0.40429475496169764,-2.343720874594805,1
234,-0.16128878381921352,0.6031874310823431,-0.665227145810336,0
235,1.629415718080728,0.5950294658355647,1.6595667537633885,1
236,0.7230743830960114,0.09806753953894455,0.37942674439701274,1
237,-0.7036058022220977,-1.0896330373423884,-0.07928733147574074,0
238,-0.2103418652372505,-2.211861911329507,-0.8019847349978485,0
239,0.6225966943064716,1.2358116200069387,-1.1754467630439889,1
240,-0.16538155007852018,1.8005111815108537,-0.6776840439056677,0
241,1.3821820714379291,1.904136589573007,1.432188421106897,1
242,-1.8655534753132348,1.090980425185967,1.6100112773413118,0
243,-0.5022393485741147,0.6683404887180808,1.5302245310611662,0
244,2.0409585076077015,1.2119439853864005,-0.9417224077251534,1
245,2.2185405765642456,-0.29396694766418224,-2.6346273522194306,1
246,1.9440445272296278,-0.8892408282283243,2.018603478766064,1
247,0.32870621986080795,-1.042044412243103,0.14044364455231795,1
248,0.6934252099892235,-0.4555395260238707,0.5932655270391254,1
249,-0.36086881336223653,-2.205566057099069,0.5553081044365415,0
250,1.5102798893518843,-1.6548874362282961,1.7095097255484415,1
251,-0.7721300672997755,-1.5355721232071058,3.166705228078432,0
252,0.2926030731647018,-0.31607285602704976,-0.7326374872488117,0
253,-1.095660033413082,1.6999573745763805,2.327273091365061,0
254,0.1019085294677704,0.18383451632250436,0.08488708859308192,1
255,0.8502478632265882,-1.2504077339697175,-0.5225496420344059,0
256,-0.7665514904033897,0.04351466864346608,0.47568782016874,0
257,0.8811442729742001,0.2167755637626291,1.0033382543586962,1
258,-1.2043047979056056,-1.3631740045928105,-1.0454408996443103,0
259,-0.14495715285406519,-2.5623336587953105,-0.784814884032637,0
260,-0.8182224427035356,-0.3574454228104272,-0.8922328125534437,0
261,0.5317262575317186,-1.5178737466808094,-0.9182145747538393,1
262,-0.12042767448949943,0.6663125009092119,-1.2014832474554544,1
263,-0.32146947796488645,1.2000789564268612,1.0067800358230907,0
264,-1.0731389782974767,0.49822174849678513,-1.0315917374263592,0
265,-1.6156788462543117,-0.7582820688875902,-0.6280767659331332,0
266,-0.0841630545854708,-0.1767741631157821,-0.19862298103031462,1
267,-0.5365593046997368,0.014273067836434106,-0.9692678597322187,0
268,0.7782584842140045,-0.28744751940035557,0.6729653620409664,1
269,2.0458611514505924,-0.005596018829046555,-1.9015826106409448,1
270,-0.011410863665942017,0.6988284202025348,-0.8858805392772774,1
271,-0.5331882155102998,0.3161559571827783,2.4721381795650235,0
272,-0.8964032761249375,-0.8682927318763665,1.154469553848263,0
273,-1.5278552625781385,0.3278795241593574,0.892260782665279,0
274,-1.370085159458374,0.6197114459661363,2.370541664545275,0
275,0.9128890585687365,0.9321915642603847,0.8415544210757202,1
276,-1.1525690243282414,1.8709651753717822,0.6533117470805618,0
277,1.5567138782360073,1.4769344261182744,1.7845410293444708,1
278,-1.5542075068935395,0.058022734808395225,0.5852816760089175,0
279,1.7523748497319198,0.8260471714415063,0.36389642368477815,1
280,0.8593974662590766,1.8876876573401904,0.9627768269601935,1
281,0.4947876927214151,0.8132051867479773,-0.3384782707331684,1
282,-3.645251695973163,0.1018562952619867,-1.7064441730989892,0
283,1.9872554558413904,-0.22954865536034708,2.1926291448710193,1
284,-1.774299626678388,0.8071225966373103,-1.1890122370480642,0
285,-0.05760439851033561,-0.33130838318332273,-0.011393872365077384,1
286,-0.698644315223675,-0.4997301761516306,-1.20206923370639,1
287,0.9260788174750422,-0.4872285641135523,-1.896559246585646,1
288,0.913557176258146,-1.1894118928673278,-0.38464912799287443,0
289,-0.8983006964065531,-0.742484232538384,-0.3714869425311782,0
290,-1.0247116694844207,0.547264797377967,1.5501794730317042,0
291,2.2641053318728153,0.9553005582377528,2.5247071003390005,1
292,1.0816665017061482,-1.6065771007386793,-1.881818193529908,1
293,0.6745391250045693,1.8486088332964115,0.5834146657024417,1
294,-1.6136710031913029,-0.17585440443207118,-1.221291173124094,0
295,0.8556147409989134,-0.8866809222834573,0.7661140866194722,1
296,-1.1494366565751948,-0.375196380323937,-1.1473884598157604,0
297,1.8196632146128655,1.0473177066214483,-2.5244023897136074,1
298,0.03835220406982376,1.3883377782084478,0.06544245839929441,1
299,1.4151259858671823,-0.6355578414044034,1.338418569001626,1
300,0.6293003591350479,3.109918556005361,-0.5473090907786242,1
301,1.3703972428747702,0.8187776437548606,0.019831868543658926,1
302,-0.2810489524479556,-0.15589817793666752,0.6525723778990105,1
303,1.5687551786094782,-0.4711246518178786,1.5740241559025612,1
304,-0.7735804112220235,0.19502498402812674,0.8183411051970356,0
305,-0.2501651498143125,-0.11676591579524663,-0.34449899144364116,1
306,0.2996677742939713,-0.05240445057746945,0.2728581709028596,1
307,0.47965396852383757,-0.04865235157045115,-0.23873414417960348,1
308,1.5144232036777392,0.32950873557300914,1.4944670137131506,1
309,-2.0465079547818745,-1.7690759048891183,-1.356509229148807,0
310,-0.7309448849904976,-1.1755946056248516,0.13029209697270694,0
311,0.9720723015337207,0.07595526791608741,-0.4362747510814894,1
312,1.8037834712021734,0.6955377575657775,-0.5552534576262892,1
313,1.6143904868931434,1.7388513518533313,1.5732138784743936,1
314,-0.45809473352659036,0.7197579421481819,-0.9044359083653031,0
315,-0.7593534437699292,-0.42924442029866183,-0.9092819818066576,0
316,0.6955191666160299,1.5490201514951873,-0.571308281951504,0
317,-0.06355727281196066,-0.3695269288333586,-0.9090108775835415,1
318,-2.732777910832684,0.10589445311523424,-1.3756826809142935,0
319,1.7325764617565267,0.6067230591361827,-0.9901266761657183,1
320,0.983909732667214,0.49968511030293383,-1.2285174062490174,1
321,-1.0880569766875943,1.2748750412787222,-0.1443286617608046,0
322,-1.165629462882507,0.26536234939962844,-1.0253401324552434,0
323,-1.8069333466532713,0.14488783309689118,0.9753643211025785,0
324,-1.718249042634659,0.152354872033722,-1.2900485892705793,0
325,2.2304912983992695,-0.493122822399772,-2.2871482146382,1
326,1.6486536654045474,-0.513196364513396,1.772779512400588,1
327,0.04839345565829056,-2.6042138566271342,-0.7497425267320788,0
328,0.2785208175355547,-0.26451484131061076,-0.46645607830159475,0
329,1.1044545404592303,0.8595878869798019,-1.4498514796816824,1
330,-1.1526563783249864,0.8545252270666157,-1.0922197173574193,0
331,0.8047506208359816,-0.03143917037477642,0.5555201780060056,1
332,-1.126952386009454,1.2361307218062179,-0.8367587869003905,0
333,1.7423097016487277,1.0826910538870733,1.777666712326381,1
334,1.4046186823617355,1.2723535001067678,1.4672420524463152,1
335,-1.6689195927541498,0.5581395145185063,0.7414005456969794,0
336,-2.1862024170571805,0.00020706491819709385,-1.4664279717207145,0
337,-0.7594328147634103,-1.2601647651725802,-0.8639258804342309,0
338,-2.0305789087947463,-0.835142901630023,-1.30593923917099,0
339,-0.012814400561458106,-1.5171736966716791,-0.017795777638104138,1
340,-1.6659095702215798,-1.0150941918278686,-1.2917826531019712,0
341,-1.6112729307693643,0.7903718960517113,0.7944730413196981,1
342,2.766124736326394,-0.36650702036805183,3.1751883727085284,1
343,3.7575043196906033,0.07748051851886253,3.994644010615292,1
344,2.5805087402349405,-0.6500239344068982,-2.5362538843606286,1
345,-1.122258809263508,-0.05020461704174478,1.6519903949805799,0
346,1.3384858529080081,1.2179591523055584,1.3997628088214704,1
347,0.19632709736921683,1.987275999230808,-0.23314349573324566,1
348,-0.6029087394237289,0.47240627788037737,-0.9818223692718706,0
349,0.48178660222335423,2.3638724946193608,-0.31916785337201947,1
350,0.7213729411115498,0.4395012306202264,-1.8905826171307658,1
351,1.0524405390063447,-1.1482632887526183,-1.007994980017128,1
352,0.7691215199319633,0.6659242520544614,-3.376195427553341,1
353,-0.07946419359601997,0.591814133741378,-0.7142213961006278,0
354,-1.0195357899482316,-0.20149153394751798,0.967854420508534,0
355,2.399635889224372,-2.1305664798072006,2.485477863898728,1
356,0.9758007245747579,0.6170059495766975,-1.7419461033917898,1
357,-1.10678754304523,0.5532512199847837,0.7398285340770687,0
358,-1.3761159416005566,-0.9564363768180087,-1.0021444410674023,0
359,2.644363890592043,-1.3683150388328105,3.0487297231132606,1
360,0.3834070857675771,1.223083067095325,0.16815688158741204,1
361,-0.47677322315346016,1.4524675344707454,-0.9771861192032035,0
362,-1.2574740009882792,-1.4485914146335441,1.9961381660578996,0
363,-0.7544837503188552,0.0953441994413082,1.2282756985312,0
364,-0.5979562913162249,0.5720574417141441,-0.962274342373078,1
365,-0.13254005687327886,0.5345056484805503,-0.3291676830019262,1
366,-0.7194211996982298,-0.006521315229458062,1.5292998669533933,0
367,0.4789623515248631,0.8743891807127275,-0.484644577253578,0
368,0.3486446225147115,0.8333339117803071,0.17591477314231518,1
369,-0.18420363934757922,-0.35976864578908574,0.7080096618459528,1
370,-1.7425938962550673,-0.1891203907770335,-1.2012260653662494,0
371,-0.15758389446328747,-1.92767257934561,-0.2842198936735041,1
372,0.19412698333767253,1.5628887685081978,-0.011065599669994874,1
373,-1.2217076521647443,-0.6243453897132241,1.8443231378056928,0
374,1.182133355568282,-0.062191016999311004,-1.2217217718110982,1
375,1.0697521708197442,0.4547409121411344,1.0608162304600832,1
376,-1.0773724120037582,0.9022771737866472,1.2702694302331756,0
377,-0.06063491024124035,1.42274813609994,-0.6401907603089994,0
378,-1.032926291313865,0.8902475008365087,1.0873827825397426,0
379,-0.04918799331004853,-0.9519184600222356,-0.13468763372920356,1
380,-1.048346906991923,-1.1376856704248166,0.5457421224256729,0
381,0.22342968057680357,-2.7475048427252347,0.21118047855137612,1
382,-0.9957144739624235,-0.7666565877833479,-1.3486057786201084,1
383,-1.3456648338110606,1.0114630354083562,1.5322974849918807,0
384,2.8280275304583435,0.23940450053537707,-0.702824928781556,1
385,1.3519208663586624,1.3728484746765302,-0.30540547921712224,0
386,0.7803506737169242,0.45838670355148425,0.8816297667082489,1
387,0.592685108713997,-0.36927713924620315,-2.1932945864161733,1
388,-1.3668944291176484,0.9242701395378298,0.7481502962814552,0
389,1.2133734875309548,0.4822489526806572,-0.9219133704571894,1
390,0.5836507244841971,-0.09546424708907303,0.4350330753693491,1
391,-1.0741850083446343,1.6850142787085094,2.105651260751548,0
392,-1.0703759592903945,-1.876552706041874,-0.16989512096214687,0
393,-0.5389624776428736,-1.6076610271180587,-0.8093376111763627,0
394,2.5542317860123767,0.8691545924968965,2.617100911694529,1
395,-2.1224284825287176,-1.5642416117110514,-1.3431434242962308,0
396,1.4508012573641187,1.1126883749899252,-3.290339942633199,1
397,-1.5900074025871742,-1.3122191934314063,1.2435736187710686,0
398,-0.5344617490933036,0.54711911517521,-0.9297555466900561,0
399,-1.486960886656061,-1.2207124259141586,-1.1512900312730798,0
400,3.192920128310261,-1.3510743662080213,-0.43993529915650165,1
401,-0.9198365268034259,0.006799844559997769,-0.9062701513138482,0
402,-2.619426760706813,-0.5089636257074988,-1.473127192974554,0
403,-0.6624565295691478,-0.4367197360405955,-1.101298496584862,0
404,2.0336452879154674,1.4436320034688142,-2.9574409509433037,1
405,0.1532100685346831,-1.77623523289832,0.2712126896057083,1
406,1.7728751802835538,-0.08152267310164589,-1.5814763586895344,1
407,-0.5252467379264283,0.8745170741325226,-0.6104324731321822,1
408,1.1686485415245338,0.03793783544760203,-1.2974126961171988,1
409,1.05944863351561,0.1941076309533577,1.1411652716579705,1
410,-3.213563209118252,0.08865759096143744,-1.771334255396281,0
411,-0.4357973824992355,-0.6163614080394775,-0.8122703508379353,0
412,1.7226187395683001,0.02538842054241018,-1.179411615177517,1
413,-0.9790932582735589,0.9653974845911707,-0.8720020498877926,0
414,1.0084934116845585,-0.20585943088034037,1.19560199574492,1
415,2.0670070341319167,-0.6905410523162594,-2.0266366775759543,1
416,-1.4500960205707163,0.638391925608383,-1.1486789198769511,0
417,2.292819442555727,-0.5262478565174211,2.261471207219914,1
418,3.148550396693947,1.7388996637975789,-2.596591829892625,1
419,1.618385718675,0.7682072166317373,1.6136023136488955,1
420,2.7853136257620967,-0.01383774609423725,-1.7406937082827758,1
421,-0.9009215629923872,0.996858773465808,0.17309185965443918,0
422,1.4868064281706175,-1.0293715081820716,-2.219531206398406,1
423,-2.967792769263669,-0.9399031011088647,-1.525437990833796,0
424,1.180678340493937,-0.5495571359085801,-1.2362469774398837,1
425,1.1811809723318265,0.28872366282502326,1.2484471605293153,1
426,2.2151740189700346,0.7215625051261435,-2.9513438575181943,1
427,0.35015480291147927,-1.2032008553891445,0.22359344053156527,1
428,-2.15733664368659,0.6222071440434019,-1.3037907821198227,0
429,0.15792048631819178,2.9490944253087252,-0.5690306908170069,1
430,-0.00016253650167286082,0.34767648353833636,-2.4939113793970513,1
431,1.5849059248147483,0.8113965544915921,-1.6073178230449001,1
432,-0.4180492774776847,-0.031058932870901952,-0.43719076176603977,1
433,-0.8710532224117455,-0.8514064342603136,0.6265738977505261,0
434,1.0852832689148577,-0.23040071420576733,-2.5028474689252995,1
435,-0.47591846189529796,-0.19003903500149447,-0.9209231265102656,0
436,1.1009468548085939,-2.238231233324972,1.090339402642999,1
437,2.049386774778182,0.21539650545628794,2.4369704797733713,1
438,-1.060016986006763,-1.5648027713620551,1.291980527776142,0
439,1.646367141258015,0.29562448874709507,1.882030027039841,1
440,2.9689279268649393,0.4794415180860639,2.894620275821785,1
441,-4.444491000732856,0.7408243454201259,-2.260596954729688,0
442,1.547818853690373,-0.4500128579958137,1.5281307620150852,1
443,-1.1610356099015724,0.5628808601743548,1.5692747980801651,0
444,-2.760416315820616,-0.5240883979345925,-1.561028039293678,0
445,-2.6432592517505693,-1.5981243518837476,-1.5599251430003203,0
446,-1.46414855371718,-0.3570292008066094,-2.6161088017408476,1
447,-1.0177461826797598,1.4104591452035038,1.1263824718971083,0
448,1.017292926796364,-1.167779551267935,0.865449177157235,1
449,-1.6840902078586266,-0.5505368494915835,-1.1867659376401238,0
450,1.427448723626266,1.2571492168625729,1.6146308061496812,1
451,1.1833149836057113,-0.12270893359572414,1.0545897039065226,1
452,0.6357382416079755,0.22054142701386686,0.5453732059037646,1
453,-0.1917245244209922,1.1173988159024608,-0.6670096602624067,1
454,-0.9711318355443985,0.5820265670847269,0.5851021627813513,0
455,0.943066183242395,0.09175248444837286,0.9249723848913407,1
456,0.4586109877485255,0.49201884799279927,-1.5304852488921092,1
457,-1.2386035164715854,1.7586204841951334,0.43358896593277785,0
458,-1.6756067440107647,0.47363207681145447,1.4643773909617706,0
459,-0.7549478806236055,1.3289333195354096,-0.5726534002171271,0
460,-0.3524278639631614,-0.3286184757489846,-0.8822709181423706,0
461,3.909761909687836,0.7789365035121141,-0.9906155433694105,0
462,-0.27245149727803475,-0.4242363333980435,-0.5700338851266586,1
463,-1.6005460098069955,2.088442772869925,0.3482419779617202,0
464,0.4026609929231304,-0.01208894784605456,-0.5528594501474853,0
465,-0.7412531245271203,0.19729226563120644,2.0064741309408385,0
466,1.4269349601674106,0.8903831635197862,-1.7378762909370264,1
467,-0.26328859627829215,1.0305805856240573,0.487188662287973,0
468,-0.7805385472252375,0.756788679986982,0.6437610484147238,0
469,0.5217187416461426,1.0075136898369221,-0.6667383067762641,0
470,0.15784020554776512,-1.5223591862178911,-2.477976784455781,1
471,1.1964323096922114,1.192507512477975,-0.7902993435634789,1
472,-1.2723683998654274,0.38680852068920263,1.443518162938196,0
473,-0.9805954084512357,0.43295982536069616,0.5941732545005254,0
474,1.5737135144740244,1.340461051790348,-0.9128022801866507,1
475,0.9456208391011509,0.8876554258738361,-1.5966240621551644,1
476,2.048879420647075,0.39069592092814415,-1.5963322792161727,1
477,1.7903102823286061,-1.6394841625254342,2.0451341884472445,1
478,-0.5010681281129752,0.9153902755601617,-0.4861147790066451,1
479,-1.35053303620924,-0.23401985910698136,-1.0328860863319582,0
480,1.7539048923525073,-0.4911537471421047,1.7192020899469893,1
481,-1.84676789521664,-1.0021874557814727,-1.251034639816048,0
482,-1.4097747648772312,0.6227112239002686,0.5447984514261719,0
483,-1.2103046383610165,0.17521141890851205,1.5091161528260724,0
484,2.0644545552767304,-0.4561208274741882,2.260627747578283,1
485,-0.7755833690612138,-0.4516594761596227,-1.189860434036396,0
486,2.078498581631518,-0.6497652268482671,2.389713337165068,1
487,-1.4002291712794892,0.49986412374037137,1.6854321454824075,0
488,0.5758825003010102,-2.0841129394985884,0.45818142572211984,1
489,0.8977816886782959,1.2637066776546686,0.8212233027167656,1
490,1.4342183636837038,-0.6373077470287948,1.5357099558387635,1
491,2.1691697914264676,-0.24149744587077882,2.160001929989865,1
492,-0.18840753825423762,-0.25885440036983165,0.013343664075324613,1
493,0.8266262787930695,-1.085150526557798,-1.1592151378234585,1
494,-0.7482773670165725,-0.8987840483231282,-1.1317838089400587,0
495,-1.8327674880457028,0.08589300629333041,1.676947672663707,0
496,-1.3079246097547537,-0.684629825760004,-1.0614688267972938,0
497,-1.0146243331134899,0.3113086734428849,1.653148727779912,0
498,1.569952605061414,0.5646059258936003,-1.6077112718140278,1
499,2.5380339101621203,0.6820520657126199,-1.584227278912873,1
500,-0.9817030263711461,2.7596600389110777,-0.9437775284080624,0
501,-0.8561067395854534,-0.21701705042437042,1.9311842233411438,0
502,-2.096499455045605,0.05993263026632825,-1.204033038607848,0
503,0.12748745124511995,-1.0039573720814985,0.726445934259421,1
504,-0.6947894496050705,-0.6176518954343502,-0.8662835692355215,0
505,-0.8122708095703375,-0.9600462952794637,-1.1795301787384513,1
506,1.7821618609884493,-0.5391227031489786,1.9762993346469169,1
507,0.07711125122009332,-0.9539394193966448,-0.6617528334999462,0
508,-4.543441462057407,0.9216501119244593,-1.9105295703059597,0
509,-0.33698764825019656,-0.3212427661179117,-0.38921959089271496,1
510,-0.4795534580991122,-0.3084827884558197,-0.04083868544248337,0
511,3.051355877230674,-1.7762463334664518,2.996371707976608,1
512,-1.0399737326898806,0.5142547560178349,-1.043029366264278,1
513,0.46668962570515005,0.15519068385897913,-0.416088746969434,0
514,0.4694086439340863,-0.5482872964906009,-2.4668800485199522,1
515,-0.20352264821361532,-0.2666523292344148,-0.6933433273170824,0
516,1.665826614388909,1.2289805024890619,1.8096300601178634,1
517,-0.6237254510581625,-0.838585798447231,-1.0420663640932508,1
518,-0.5603828863589755,-0.6578345538521371,2.772118783740503,0
519,-1.8248834546473,-1.1306153349375263,0.07047232232287992,0
520,-1.1592279843281323,0.4200944904518413,0.4703199073390253,0
521,-1.2161917432808638,0.5972282182533848,1.784576890048764,0
522,0.9905125663571805,0.007063158628176452,-0.9707771989840356,1
523,-2.2719206589572716,0.01914777741575206,-1.1680189664282417,0
524,1.4322484335469174,0.48206672733538614,1.5901974068370235,1
525,0.1553743273094248,-1.111457956937032,-0.676607744801421,0
526,0.8873852174650597,0.486036289417637,1.0631536450023034,1
527,0.03744529382642203,-0.45209033283308037,-0.7586002710284524,0
528,-0.6638599972813359,-0.3596296724524624,-0.9991017824896424,1
529,-0.946258381368779,0.241321934916781,0.9815184317762554,0
530,1.16400969213587,0.9854496856152184,1.1676376003779545,1
531,1.324122375547086,-1.2417605754816243,1.3384709493484537,1
532,-1.3168334422230057,-0.9943493746085122,-1.1709081889648392,0
533,0.2870890347034585,0.6802161054504494,-0.25932050229787607,1
534,0.8358428531921707,0.19894814679649453,-0.4192196426061363,0
535,-1.0079495473052944,-0.19646658342809717,-1.2711230978053822,1
536,0.5587087380473019,-0.5041798310076715,0.14496917450032587,1
537,1.1878818825121904,-0.5482687949250771,1.2595746835485517,1
538,0.5445669500931893,0.38298898474092846,0.7668533812999103,1
539,-1.2181315797083623,0.46217266608194285,-1.1012549032234868,0
540,1.9383879722964832,-0.04347694981386243,0.4209967428473269,1
541,-1.3836289967607778,0.4097627959594974,-0.8271900056374717,0
542,-1.0146192531014662,0.8294748419317485,-1.0768256274074688,0
543,-1.6699586644808813,-1.0325239035275395,0.7209163251927044,0
544,0.6923481231694981,-0.19469729611668168,0.701796027784308,1
545,-0.9396906335472068,0.3891591956679287,0.8869521904343975,0
546,-1.0057879156263654,-1.232523314768509,2.1106427757689454,0
547,-1.0889046880021924,-0.46580556911816284,0.22091613563026247,0
548,1.634470195091986,-1.100154232971695,-0.8949750541527914,1
549,3.5672862961616856,0.4367385517335095,-2.0622910162563377,1
550,1.3660064801675187,0.1998104337187135,1.5514213538883572,1
551,0.782549439882346,-0.46440426230938764,-0.25457052046144846,1
552,-2.07613637270418,-0.24702570074599667,-1.2395129275174435,0
553,-1.8795667331465804,-0.8671302157109003,-1.1178699033164696,0
554,-1.5901756340088118,-0.4173668136050844,-0.10126746328592562,0
555,2.2975003083414633,-0.03361256470371301,2.256808605908069,1
556,-2.6211340231214937,0.15175799224874037,-1.4545282567416151,0
557,-2.3616623632981897,-0.6004235657387051,-1.3015216609911653,0
558,-1.4087189128798898,-0.6619821777966091,-1.1551279037873092,0
559,-2.756305505281615,-1.2932729578711637,-1.6307708362138578,0
560,-0.7058088839100307,-0.10325476014904739,-0.8555017740080604,0
561,0.5855559313779775,0.34980002456790754,0.6291045032520943,1
562,-2.564791778730816,-1.1302037246739238,-3.080533853984221,1
563,-1.3939645633088782,-0.0635245746153551,1.3192268070909297,0
564,-1.0696565175358983,-0.8476339286190848,2.2040396196799588,0
565,-0.8684736982130625,-1.879924385139045,-0.7720245152446694,0
566,-1.8837138792983734,-1.0718572330401555,-1.3015118033501185,0
567,0.665287214076107,1.5379319184125528,-0.5453293345176395,1
568,3.4193940816049477,-0.5029747705513431,-2.313489660808804,1
569,0.8799903178158662,-0.7188323876087304,0.8535536098874731,1
570,0.20643736568457471,0.08520944963390106,0.11721617553663244,1
571,-1.21837498228853,0.054934110999848726,1.3381872444829939,0
572,1.1711528318259665,0.31965182591897723,-2.0016992284508284,1
573,-2.6249741737657706,0.7441919714999368,-1.5337204517022132,0
574,1.912628577835879,0.6504500925361392,-1.5141232808454532,1
575,1.5731580583831644,0.7324921027798023,1.6986073972551694,1
576,3.547011321336515,0.8691560643892732,-2.4524549056930836,1
577,-0.6052704784921703,-0.6256772874962124,2.777597511863826,0
578,0.6760855868361868,0.7579218499236196,0.6997233366088546,1
579,0.5547288842148901,0.6835693232004776,-2.3632810071672057,1
580,-0.5591292196466525,0.5844129804724842,-0.9346988191205464,0
581,0.351335058462536,-0.06863404608546861,0.1529069747191586,1
582,-1.4963622975156636,1.9870611116994412,1.0379108198670608,0
583,0.07339803459455796,1.0602099074988798,-0.5307688800811134,0
584,-1.4127101943533424,0.38961417737090387,0.8444390950958514,0
585,0.8364439977971989,0.35250496835687956,0.9252983008434925,1
586,-0.6424123882202128,-0.19102776260016902,-0.9345811293316918,0
587,1.1646170857754,1.1797252083607102,1.0204378677316626,1
588,1.7040955631825483,0.08531814256502405,0.08956707891698712,1
589,1.4647559808343213,-0.18319661872038787,0.07586390749948291,1
590,0.3149829343559436,0.48387665118803974,0.3756424298379777,1
591,-1.5317369114649502,-2.100026507651624,0.5892481902700459,0
592,-0.730491359869071,0.6220699903060487,0.0897430030335411,0
593,-0.8429262858104498,-0.32789471651291785,-0.9257646723946684,0
594,3.2048017441282326,-0.92951086019241,0.6603828635905034,1
595,-2.968690366187692,-2.438817158276429,-1.7559732458630797,0
596,-0.7484998094762454,-0.4501892648514116,-0.7789781207274227,0
597,-2.741315774523594,-0.42076179368105326,-1.4459209513551972,0
598,0.9747731471654596,0.5348173363459102,1.0241831340573713,1
599,2.275485310133856,-0.2788833941507565,2.3605198391311095,1
600,-1.6562227372241345,-0.29967664800678706,2.043879079734852,0
601,-0.9258860732541111,0.08382662792936094,1.1014977924697456,0
602,0.23606829545947572,1.5111549302473475,-0.7630621702141855,0
603,-1.4820284518751674,1.5634133588321082,1.6101162916096703,0
604,1.4983087107947717,0.06934433703625043,-1.5767884680797637,1
605,-1.4798659253329902,-0.039307287627631186,1.1881887798176693,0
606,2.196376347720732,1.4872461553359273,-0.928102496407778,1
607,-0.8279241094896923,0.03279699541158651,-0.1737710848240389,1
608,-0.5235422096836391,0.7045065398247231,0.6841823479173783,0
609,0.40678451565967944,-0.07576428653545988,-0.5880722367907769,0
610,-0.5836238223252757,-1.0589075870566005,2.6169036158776837,0
611,-1.4744139775823668,1.532367724678116,0.44510551156718514,0
612,-0.184854941390179,0.2502002062516945,-0.5562535358498311,1
613,1.7558006936106954,1.2958717818630143,1.7636530721621924,1
614,3.379047234342914,-0.8463159774657358,3.9095943598416,1
615,0.5923963007810358,-1.2961166642498945,0.5361339931693785,1
616,-0.7197667155251184,-0.22320225463480511,-0.9577760267048789,0
617,1.6135754809776244,1.321304032273012,-0.16358586148092058,0
618,-0.00031944931038785374,-0.49163618563204736,-0.812763022688533,0
619,1.9434404502283207,-0.04541121793223822,-2.0063418103151234,1
620,1.535308479856881,0.4215866106144557,-0.5490576330285472,1
621,1.0296428768619732,0.10435593752321293,-0.25289253930109845,0
622,1.2467003077679448,2.411676675578421,1.4212361786618546,1
623,-0.5143222759704336,-1.008554684076208,0.437673217356617,0
624,-0.025966114775443305,1.235782191822154,-0.9844308956287833,1
625,0.7769406474576973,-0.20931381957936157,-1.4412313024321362,1
626,1.1935600256613847,-0.3871306497895146,-3.0064857040360815,1
627,0.9346565537565605,-2.0038623644067535,-0.5095199962835615,0
628,-0.34096125395757415,0.7846042878980238,-0.6398791883836124,0
629,-1.5397899149568985,-0.6475418056351592,-1.24750884748395,0
630,0.730380174795348,-1.3386057997232488,-2.235464588022693,1
631,-0.9889464662027725,-1.3671378064602457,0.30681408325418447,0
632,1.7585643342570094,-0.5583017539460305,-1.5533582007203675,1
633,-1.0886683560963573,-1.1308884353259157,0.12400071205774699,0
634,0.9564829336371072,-0.41360553342164424,1.0998753316997314,1
635,2.7793418757053003,-0.9161919154812425,1.0118667498926492,1
636,1.153596854135379,0.07203686128374476,1.2466861830450993,1
637,-1.064365270993707,0.6791427754381955,1.0046726555753722,0
638,0.22622284116672953,0.8389405004696122,0.13529862227367517,1
639,-0.5625211104857537,-0.370508098590029,1.2184474142610393,0
640,1.8961937668539977,0.17682087213939798,-1.287894198500732,1
641,1.04595911344865,-0.6603211394734471,-0.7544054647204922,1
642,0.656203460639147,0.33417641724489744,0.8097918273664589,1
643,0.04984635420643757,0.2773769379581917,-0.5817605239936026,0
644,-1.282664087675575,1.5192839236417688,0.22233930594704887,0
645,0.5265873746245244,2.6930336639804966,0.3461653835991385,1
646,-1.278945453233077,1.484116028535965,-1.3084757210113962,0
647,0.5806003618654398,-0.9244659881295544,0.5461586103856362,1
648,-0.22548503031823786,0.2531652380379812,-0.2770347909704163,1
649,-0.6962160784329802,-0.181224173218103,-1.0281635308273764,0
650,-0.20059834468995263,1.0391117874202687,-0.7265112110443751,0
651,-2.3789961093841905,-0.5132135664715852,-1.449412461976522,0
652,0.08102980154775696,-1.2995812369275976,0.2595089820664265,1
653,-0.8989091039422038,0.4826878872092127,2.4004610305674445,0
654,-0.9565415209577711,-0.6520888885930607,1.7599329946571098,0
655,-1.432457402321804,-0.9263811299815384,1.0812946777148502,0
656,2.9603170057208557,0.6404797952008238,3.263788258400895,1
657,0.8990672670811085,0.32405702822156063,0.7269340172499275,1
658,-1.2144469551568595,1.9541574337502863,0.11666873188177418,0
659,0.6127217277757986,0.7153813154412441,-0.6801309177001913,0
660,1.332884741982574,0.501782736167545,-1.2859459633104575,1
661,1.1053134197924255,0.2577525401427507,1.2111713986411516,1
662,0.961774366183153,-0.29983819627488056,1.0483525417087796,1
663,-1.2794045522772894,0.5488838353173644,0.698529837205021,0
664,-0.7487373530350216,-0.2950899142379063,0.6367948715818812,0
665,0.816093634383221,-0.9489165208248372,0.7338944044251898,1
666,0.9911366828184249,-1.6304732437151401,0.7333213565026174,1
667,1.491901676075598,1.7193779062072967,-0.514338440746327,1
668,-0.6757855690758994,0.6979032725390276,-0.4234334443075032,0
669,0.34282257072971145,-1.0196643386921156,-2.0192256124838908,1
670,-0.16147004680209154,0.6793732829565033,-0.004872887558557859,1
671,-2.01991517602443,1.2816437950037687,-1.2600487365774067,0
672,1.3100751863130045,1.0176614668435024,0.5393541147194907,1
673,1.3493701322882063,1.8325570434792018,1.4173078184156351,1
674,1.3925216537085734,1.6259589153620633,1.4651052478316782,1
675,-1.361533801266685,-0.8696630812746944,-1.1743679415273718,0
676,-0.9902196850450771,-0.1344967844017327,1.788569247529785,0
677,0.12913060213039174,-0.38502181171286365,0.06188218041010973,1
678,-0.3653681481115385,0.6354180302092264,-0.9068446105051609,0
679,1.3887766166096676,-0.3839712719523516,-1.1002045438818455,1
680,0.7055903147395506,0.543479378670093,0.7287481025759377,1
681,0.0047937045562540526,1.2374381346841392,-1.0516255344644105,0
682,2.546005189430783,-0.9242331442683044,-3.836929211678154,1
683,2.451491384493512,-0.9218598131253132,-1.442030365521399,1
684,-1.0225194269056463,-0.5923559556520536,0.7752711660053856,0
685,-1.3326992427612157,0.020886488295961788,-0.8060587356150503,0
686,-0.9296958469712564,0.5555126463422483,0.24438526100989266,0
687,1.3118662187687984,-1.0565576427602528,1.0882865067804397,1
688,3.2914784845444687,-0.06717829004935526,-2.159246663458611,1
689,-0.9965194758869388,-1.091933900395313,0.29013138652200965,0
690,0.8753983302741724,-0.5358014630522978,-1.6773343787970687,1
691,-1.6732288254582044,-0.4430440211284823,1.5442419176683468,0
692,-0.973878476215936,2.620793091029975,0.7188802604476552,0
693,1.9514459890125877,0.8451579711843216,2.142482080895392,1
694,-3.1892441868275694,-1.1388331177807691,-1.7262404093997978,0
695,0.3433413195630981,0.20965941527462578,-0.446280379419452,0
696,-1.0793025221999302,-0.2346205699574138,0.1199368237520968,0
697,1.0474848470309324,-0.21220896990115168,1.0198391116840506,1
698,0.4623117213912905,-1.5486182988637467,0.7218583300774956,1
699,0.555777598464134,0.8508979621679722,-0.6098566145963367,0
700,0.8029053980650279,0.34378788154988543,-0.06010118208662685,1
701,-2.1444820717265154,0.3636318826249679,-1.4459931160591004,0
702,0.3020768829496563,0.6728612359668199,-0.6758610688754207,0
703,0.4375500188313757,0.21471318317052634,0.3140655814790091,1
704,-1.2634639703600674,-0.9186865114860944,2.3635170762427595,0
705,-0.7641317873760721,1.2389463529394373,-0.7836851872554924,0
706,0.9273783970585875,-0.2515388860444957,-0.4395719598485083,1
707,1.100908770758487,1.5337277099164992,-0.7871887642153681,1
708,1.2525390788538342,-0.19090379172729868,-0.4464410119944634,0
709,1.2599289143999393,-0.2561797524953801,1.3231314385254935,1
710,-2.23404860301956,-1.3303136257389898,-1.230315381399268,0
711,-0.7394710971056495,-0.22979963057519381,1.380087288713325,0
712,-1.290045531094827,1.75547569831549,1.3481375214567366,0
713,0.024953434642977168,0.7318707042882956,0.09398991505945542,0
714,1.600586836298887,0.6934789119139937,-3.183471557006158,1
715,-0.6986130172434446,-0.14778031881747153,-0.8384585300999574,0
716,-1.2535446357880538,0.7890566873755189,0.678428870722945,0
717,0.9758676830026506,0.45768658605355206,1.1236634749509327,1
718,-0.6006383126936574,-0.07159925185806683,0.12570856335320868,1
719,0.45950527153441667,-1.148794035158656,-1.4423809407933739,1
720,-1.2868803443218908,2.0243096232868525,-1.0069072033973694,0
721,-1.059842555549172,0.651136241823657,0.6979342123308176,0
722,-0.4611924061372277,-0.35141423571373254,1.7614264347864694,0
723,0.9358282675327207,0.4620608932518965,-0.8134587798381052,1
724,-1.0439073153124672,-0.18452535765584954,2.133711600061084,0
725,1.3758172069450378,-1.1022921498364233,1.4584187649407943,1
726,0.8688903515101538,1.0352493347237526,-2.128174176549063,1
727,-0.8257548847269482,0.49774308909139425,-0.4123815313790923,1
728,-0.31684600955358344,-1.0710536796490489,-0.6261640958493697,1
729,1.2794645156271893,-0.23655528721894603,1.2807941433384684,1
730,-0.2795081050739696,-1.405189846803575,-0.41582218012016336,1
731,0.8532961815345174,-0.04889718347410554,1.131875576457843,1
732,-1.198494767838182,0.6704806172412126,-1.0888258498122922,0
733,2.6591381309614874,-0.7632861041785816,-2.1955638933674195,1
734,-1.6569715976911108,-0.20298063739565708,0.21955842168030615,0
735,0.2046115535029419,-0.6078752606758179,0.34844743199086803,1
736,1.4832276628473595,0.9788580507817954,-0.18410760141422355,1
737,-0.6624572631997956,1.4558223221467665,-0.8531064917555116,0
738,1.56135202006711,-0.3078084711388841,1.7603935647325089,1
739,0.23144193715187,-1.5473039889383655,0.24436243836809668,1
740,-0.9232899317533712,-0.4081008391602206,0.8073818902267764,0
741,-1.516180946497001,0.8539759765522237,0.48853934246646313,0
742,-0.7608113920067456,-1.6431888111541673,-0.8964653138264279,0
743,1.342681521175686,-0.7699960661974573,1.2266595105731695,1
744,2.5424356054170874,0.5225141052657575,-2.42261485149096,1
745,1.9237179710396748,1.7041055162554912,2.0468611161145427,1
746,0.9906596212461922,0.8297324178791745,-2.5672716283403187,1
747,-1.0150845393146357,-0.3135296861723979,0.9001363656211847,0
748,1.7141532763870355,0.6833289928110694,-0.7848690784083721,1
749,-1.4078127271684155,1.2038844371688162,-1.2978194212638503,0
750,0.11493125818958094,0.26348721533105957,-0.42624557298219345,1
751,-1.6402445445464917,1.0964692338108837,1.7887599384031228,0
752,1.4847158680393895,-1.1062935124116342,1.596197715599466,1
753,0.8384065535864281,-0.3206676255571917,0.2554509229309263,1
754,-0.2228422146739173,0.4384757388097273,-0.8180683444220569,0
755,-1.8022906624445567,0.3687331473175197,-1.9786617332698788,1
756,-1.5472250167552453,0.9873345165891019,-1.1979716340773738,0
757,1.0453063757400651,0.14125714008746323,1.298410809303382,1
758,1.7257458857857668,-0.7465783465402389,1.7296554491356506,1
759,1.4621005522216917,0.7450053128772811,1.4522613428429403,1
760,1.223627507255499,-1.7858664919341112,1.3068029837869914,1
761,0.7497508161575197,0.46667098196608103,0.7324277845527631,1
762,-0.7305862757590171,1.9764405845154855,-0.9123187740562744,0
763,-2.2143927780754367,0.0005279588565972928,-1.4374853910534287,0
764,0.22845198918759446,1.0971527117536957,1.5416843475219357,1
765,-0.7707961129523665,-0.31771509675623405,-0.856821438617767,0
766,-1.304245442393254,0.24395319790850026,-0.8708648146899605,0
767,1.1586539067255721,-0.2789629303318085,0.07646492932934779,1
768,0.08048296288373735,-0.2739930818293042,0.00305478623466493,1
769,-1.8636074668229266,-0.0007085945766459172,-1.3529848014549868,0
770,-0.42984742261243736,3.9262377064363267,-0.49909653798433795,1
771,-1.3259665495692037,0.23070090571868349,-1.1496832615133006,0
772,0.842904484478896,-1.3810446031537749,-1.6672133945493135,1
773,-3.3540926687499266,1.114321694668872,-1.5899880657528302,0
774,0.05941429941396381,-1.0858251288851855,0.8148828746047749,1
775,-0.06760796056650875,-0.1873290184063747,0.02098191690910778,1
776,-1.44168863151693,0.03823799496002834,0.04536295193130613,0
777,0.7333451470287515,1.5163940552535728,0.7107961366555511,1
778,-1.8997979157874467,-0.6414869090443096,-1.2175009461632809,0
779,0.5716866557157456,0.3405892164004968,0.906801029755135,1
780,3.0125671257232276,1.7952113559123222,-1.6234816286369025,1
781,-1.8378708873712044,-0.8192578597214978,-1.3109142136558412,0
782,0.26924787621409607,-0.48720292119492714,0.34755980107656226,1
783,-0.7174524830221609,0.39792704994680894,1.0153624831774628,0
784,3.307488801548976,-0.6172531865469232,0.39720220897832514,1
785,-0.8547496777497885,-0.5057467042619367,1.693724090988534,0
786,0.6800564498056094,-0.6292633936927887,-3.7345407748496298,1
787,-1.6121083423857887,-1.962625691672579,0.03770957513286011,0
788,1.5738070476777049,-0.8245141615276735,1.7108144585766532,1
789,-1.460128564790036,0.26256132900192497,-1.1339476976604566,0
790,-0.6865835631497657,0.5107920885275947,2.0911003603192584,0
791,-1.1852345613925466,1.0450884740847535,1.5943033637751083,0
792,-1.6199988826315415,-1.423957152450145,-1.110983183953699,0
793,-0.698109670544743,0.21128369227947272,1.2034846262203467,0
794,-0.2168255019697407,0.9113627221747217,-0.11312803812045891,1
795,2.2803709539480743,0.5731278132412001,2.3932251665450046,1
796,1.336679540558438,0.4720022709192744,0.44255694385011,1
797,-0.14913164698100856,0.16476084123651674,-0.8097903252279494,0
798,-1.2971090879611848,2.012270445700765,0.7802238970501241,0
799,1.9176739260897004,-1.9196731561976563,-1.0317104754532826,1
800,-0.19628257061994958,-1.703871586826719,-0.25609413086502486,1
801,-0.3443103378542487,0.681359510442948,-0.31286813157096716,1
802,-0.4458517693355142,-0.9020515543575104,-0.9469219163939934,0
803,-0.9285342175573674,1.4313667818311835,-0.45638661584276674,0
804,1.2207702817126995,1.7473631979155582,1.3160012656784175,1
805,0.019590534069166554,1.205994516546816,0.115033347433805,1
806,-1.3015151441715245,1.5541604207147741,0.7114506479459664,0
807,-1.399988602004728,-0.5647740041709423,1.4628389054655233,0
808,-1.3129063241959085,-0.7095798547491726,3.445497491159599,0
809,-0.3970717841937942,0.8868873900973003,-0.7539570561409309,0
810,1.5454897804999155,-0.41299782214343406,1.6870915980140375,1
811,-1.3175631030344777,1.5805406865683735,-1.0405088385936176,0
812,0.9458817640422078,-0.18689615816198485,0.8570706684001177,0
813,-1.5046496089206554,-0.4700421477595015,-1.1778945436218682,0
814,0.40941281160503873,-1.0872459388628026,-0.06636611686051941,1
815,-1.2260543634288452,-0.47949296739924335,-0.35238132945951883,0
816,-2.3348396184351183,-0.22859991534001858,-1.3741951094811788,0
817,-1.9635258859951419,0.8584511166566653,1.1572832978189773,0
818,-1.056985377868481,-0.7584953347000695,-0.41295951406582754,1
819,0.7631217030674993,-0.9175028210142636,-0.45355530454380466,1
820,-0.9682446702759879,-0.8627757640431206,-1.2023705605194468,1
821,2.6103337163068816,0.05088770185601806,-0.08808184094672622,0
822,-0.5200528759294801,-2.529560077694303,0.5697455537949618,0
823,-2.349358730004683,-0.8108575112103382,-1.3993235499437282,0
824,0.09842593001222122,-1.2922626951056186,-1.0461389620026276,1
825,-0.2932547227154315,-1.308820399119112,-0.899755982803224,0
826,-1.8338343158219015,-1.4438548161335418,-1.2846739789186405,0
827,-0.9882919796466701,-1.2457173764463845,0.006393905009951517,0
828,-1.3671441875693673,0.30047435961082836,-0.9671113926968453,0
829,-1.3481639947181323,-0.9958153947902291,0.61980273030334,0
830,1.4757065753127858,0.29219272832637316,1.3398882552277551,1
831,-0.787362050873328,-0.8798143535020543,0.4799055578893142,0
832,-0.6718681998852851,-0.8254105299789551,0.8748945673729895,1
833,-1.2469570718594878,0.2553837556743171,1.9191488524234055,0
834,1.3318784769959877,-0.9811655311396816,-0.47057377060511607,1
835,-1.3038795970953467,-2.246889333984605,0.7963025422165494,0
836,-2.123506523710626,0.24650477843200488,-1.3233883548860101,0
837,-1.0137701292815988,0.24930859564172886,1.6390444379174158,0
838,-1.022047838034078,-0.6967718184295749,0.5542917396741974,0
839,0.6184706216892584,1.0599363840466218,0.4106431626972149,1
840,0.03654153022841422,-2.120700152635066,-0.0039023747910411632,1
841,-1.7319735281935862,0.18474057889572446,-1.1367004782974341,0
842,-1.3540997699217796,1.1254347844147694,-1.0659009365948706,0
843,2.351653913716945,-1.3260476860820383,-0.7698003061187799,1
844,1.2061401472109812,-0.062004009366031745,1.1659080801227226,1
845,1.205831558837835,-0.9096834169818336,1.182598806358603,1
846,-1.938409593062293,1.1941094030473725,-1.84205777971007,1
847,0.3550689615187421,-0.47883745600840416,-0.8935384874531752,1
848,1.2143808526106241,-1.097302527632844,1.1892377230219875,1
849,-1.3687913618115668,0.17183933979353122,1.2871515794887665,0
850,-1.4125148941689463,-0.387099702474401,-0.20842254058620235,1
851,-0.9126767825529158,-1.3526702858435344,-0.22945566736315526,1
852,0.5799513149819961,0.5082686396745896,0.5764839071059978,1
853,-0.720212568259998,-0.24338397937501807,-0.630029436682555,1
854,-0.10167729153752847,-0.4070363129267805,-0.6671003851562324,0
855,-1.2288934608056508,0.34233783448962146,2.5156255690613945,0
856,-1.556594168854173,0.8481742126666681,0.5907109268195758,0
857,0.46522532010319617,-0.19050310599781134,0.5946764885771355,1
858,-1.088778753797359,0.7181857257079345,-1.134789496439269,0
859,0.2848104923127326,1.4484992298929262,-0.042399357247157154,1
860,3.4938035430016083,-0.17435425790283585,-2.921918920907519,1
861,0.4436450947685622,-1.3659557112005343,-0.8275441309046899,1
862,0.6838255304835463,-0.43676423723821745,-1.9163559233034113,1
863,-1.0871640648459655,0.8250982646676347,-1.0671639899446084,0
864,-0.2913027295351922,2.0895387216947734,-0.7264318349971814,0
865,-0.5326079117115383,-1.1808128153088449,-0.811449471178642,0
866,1.5115778404585067,-0.1314725956716678,-2.409975872086312,1
867,-2.4176943924105703,1.5334337012963255,-1.5038497208180903,0
868,-1.7468448784157165,-0.5441140021141926,-1.2360304586075088,0
869,-1.0323973494662377,-1.3776175007542373,2.089234088469458,0
870,-0.41942486717601346,0.6855077387902041,-0.7365003859345558,1
871,-0.9116519713218493,1.9625871905307948,1.2242701016789117,0
872,3.0194033823187754,-0.580053241370043,-1.3426035252602408,1
873,-0.9875623056567523,2.98525900260341,-0.814051355223798,0
874,1.3878666937372566,0.3011073391917421,1.2961636641959968,1
875,1.1957967244335501,-0.7157599891107518,-0.3326989307319863,1
876,-0.550385608128519,-0.649373038321426,-0.6648709402692512,0
877,-1.0507347049207632,0.6515219913395057,1.3690498259201611,0
878,0.7199651652563295,-1.7258067287905967,0.48149348638137446,1
879,-0.6137847096401698,1.360658595838651,-0.9323991906851191,0
880,-0.5663508125107565,-0.31305803052315434,-1.0910772431848683,0
881,-0.21730425574735168,-0.2628908292082677,-0.6860766332166293,0
882,3.6334314303573403,-0.9980606273144129,-2.5521845472862204,1
883,-1.9292554163582496,0.015618333949603047,0.7718697588716928,0
884,1.170129493468398,-0.6085897232397004,1.3584959965564094,1
885,1.512194632326083,-0.8318222082304447,-2.1948657473081274,1
886,-0.15269260612583557,1.2446795807367868,-1.377025180063815,1
887,-3.0058804312860676,0.42588720619303577,-1.5596477515544054,0
888,3.144708677403484,-0.6122367345077503,-0.8236662112729325,1
889,0.640384397608581,-1.5166425494207911,0.29692653708695427,1
890,-1.2642631908434614,1.230874513154735,0.03684862407304412,0
891,-1.7424787203692578,-0.8082657216409264,-1.3941596748562342,1
892,-0.9125762202811044,0.3496500472996937,-0.271203156113093,0
893,-0.5623356479357657,1.2235688824186275,2.169179957115981,0
894,-1.1977157502982054,0.975816719344709,0.8017051305505751,0
895,-0.2795102143739898,-0.6039806259692295,-0.5299124803461548,1
896,-1.4455341032849864,-0.9254246260595873,1.9300852707145257,0
897,0.3024527305882493,1.52100622715938,0.1416551023145658,1
898,0.6860835334900095,-0.5827586576115821,-0.6355005034267469,0
899,-1.122211228744331,0.0036956718478473255,0.3235416932319656,0
900,0.24257729245964366,0.9514492770580866,0.05635542443082453,1
901,-1.049150931886449,-0.2440804736742013,1.8288841806481393,0
902,0.19519178363021283,1.804348109786743,-0.6627588596821672,0
903,-0.2003068731378137,0.19063559126502433,0.5934214170393153,0
904,1.1009691295163648,-2.296180953137238,-0.370938760010867,0
905,-0.45863464576537094,-1.9122549754197768,-0.8386502806484897,1
906,-2.436364680561467,2.0997217891665154,-1.3231591647033516,0
907,-0.6196776371769573,-0.573601772896901,-1.043267883444262,0
908,-0.6447783965400544,-0.20447122098612153,1.3301372840786625,0
909,-0.8441793142707129,-0.2634482160822491,0.8382534416414851,0
910,-1.6887001348102484,0.7307641190665245,-1.277150849184777,0
911,-2.886585034212631,0.8178896580250287,-1.773297639402676,0
912,0.8972031342881256,-0.39247110606087293,0.9358775393824063,1
913,0.0037773369438502957,-0.8603850107795019,-0.1449202328057424,1
914,0.9254213345020132,0.04091917539572113,-0.46048713364393645,0
915,-0.8043405186551533,0.606850593215671,-0.3538443994512106,0
916,-1.4804533775238446,-0.29660745906979835,1.5700762845870195,0
917,-0.6365245370389123,0.5885532697707198,-0.8098362555279283,0
918,1.3759059570330594,0.4625912928539512,0.11380404706336167,1
919,-0.9306014814648074,-0.053120653017545344,0.9790010818077348,0
920,-1.3235679533164233,-1.6075598643689741,-1.0504775967041216,0
921,-0.9613896346388332,1.4033699701251907,-1.1871319279200092,0
922,1.6063514204194438,-0.7309562757154733,1.3629009558469327,1
923,0.09212541726093182,-0.6581164890752567,-0.6980816575632365,0
924,-0.6064320733207679,-1.1896666590903613,1.1457391613532035,0
925,1.093290976015318,0.4183982208886837,-0.6110475717124304,1
926,0.8909302776155639,-0.409282438113104,-0.43277356274156986,0
927,-0.0005635373644501396,1.6744924333475373,-1.5024681124877532,1
928,-1.2472171113368977,0.9218015019772522,1.8932669458344986,0
929,-1.4068703035145278,-0.04282338131157488,-1.0185312142426044,0
930,-1.0283122126466797,0.26044226333355597,2.674700872557879,0
931,-0.9931394951474335,-1.0166831285764972,0.5090683054359031,0
932,-0.033445278955312796,2.0236062192296393,-0.7494594544842438,0
933,-0.47274487473016147,1.1356201471829441,-0.5904987548964058,1
934,-0.9713437735309118,0.5346290861224353,1.0282672539291131,0
935,1.9240224664197152,-0.22939074406802776,-2.5178163184454023,1
936,1.7775060441999446,0.4086073077017676,1.7985104645464864,1
937,-0.721329856689106,-0.8000385643976464,-0.9372542137471489,0
938,-2.988099355961655,-0.4532484090230134,-1.4899043056225565,0
939,-1.2916190122434221,-2.6357477390168778,0.9888942527076575,0
940,-1.6487431846039207,1.1401490385212665,-1.058506662415183,0
941,1.0366150972426813,0.8760467925297942,1.1867586065089573,1
942,2.140679667262039,-0.5260348426675804,-2.443651957407351,1
943,-1.1958989416715045,-0.4853058353678683,0.4002597669054947,0
944,-1.2237208569047195,1.80930634973311,0.9608887188257084,0
945,2.2144115153153194,0.8141517621182666,2.234279220234308,1
946,-0.9914380184957665,0.8970661968871322,0.5315543850778757,0
947,-0.6038830298460569,-0.23052462518025083,-0.6697181574239728,1
948,-0.7296703923558974,0.4572804046152411,0.7334837224118937,0
949,1.4136580885976904,0.2873289044030093,1.3699935349181946,1
950,0.717600564681389,-0.5703513664136806,0.4272821202942073,1
951,-1.9878947646395455,-1.46752526575244,-1.3166734148825288,0
952,-0.05571499809869951,2.218780233448134,-0.0860134454482846,1
953,-0.06958647894233605,-0.13944627568099954,-0.7571035274440437,0
954,-0.48337637932057875,0.18970616761039566,-0.7844205387261491,0
955,-1.3398820467032777,-1.8665399513606162,-0.8852896287436569,0
956,-0.42816621654337683,-1.3993061748019415,-0.3347417111244888,0
957,-1.6463199944173785,1.4641772387524374,0.689049099266055,0
958,-0.8482737539697396,0.2965755451407618,1.1551663119650497,0
959,-1.2937932119284823,0.003375506597160999,1.101389535358578,0
960,1.4621309707452945,0.26402008133367,1.5337580212928787,1
961,1.3865911531343786,-1.0040545968420103,1.4340887116230623,1
962,-0.888331509731376,0.39241596717876703,-1.0591824670679388,0
963,-2.050320628835917,-0.30372602877666466,-1.2694706675809466,0
964,2.510598678095795,-0.7179188907476018,2.723994494493927,1
965,-0.05636182860086558,-0.7217375533372533,0.2517569748381483,1
966,1.0269387108558683,1.0729780477660118,0.5399095786887405,1
967,2.043507756980607,-1.326472128311083,-1.860651159273472,1
968,-0.812080630970504,2.4267164863455224,0.6856439278887565,0
969,0.16968144556349296,-0.5975101946916416,-0.9305987929121097,1
970,-0.21663964811063519,-0.9006207346478687,-0.6631155923386058,0
971,-0.9395025878168852,-1.345870923473215,-1.05676842243898,0
972,1.999606354061497,0.35845361820962024,1.9443851103845877,1
973,-0.6568270671442493,-0.06418817710849775,-0.9114803239967939,1
974,-4.154350476173738,-0.3583401520212222,-1.9136032020629863,0
975,-1.6587103622990578,0.35561334878566,-1.0772652182403666,0
976,-1.0676394487710172,-0.13427916218630415,-1.0554373616464363,0
977,-1.5598032778972017,0.4818660617184915,0.28069021860806276,0
978,1.7931969222404183,0.6295295842218108,1.9542968684295872,1
979,2.603800049919604,-0.234407800316322,-2.5554274637271908,1
980,-1.549084399085856,-1.2391070756539009,-1.0214054653509599,0
981,2.995192146813761,-0.3920126399191296,-1.5108282778358584,1
982,0.41230150245399155,-0.6068651778571754,0.23933583728152252,1
983,1.6304696314350902,-0.5495402745955349,1.6671217133611806,1
984,-2.195401948423043,0.5576910607251245,-1.3413931363903182,0
985,1.9443698836360197,-0.8372624310497003,2.2414492275303983,1
986,-0.9308076947076896,-0.8950698422766047,1.631668884161841,0
987,-0.33829148167801093,-1.2565068942792563,0.19908168887326094,1
988,-0.7663503145845871,0.32674476460232005,-1.0568988555646295,0
989,-2.847456832842845,-0.3540407109410238,-1.4504483229659255,0
990,1.5603897675405136,0.6897078052451944,-1.1098557601422137,1
991,0.8869246699267097,-1.2392583948534726,-0.4042782724511623,0
992,-2.7471039186784223,-0.7627247785662142,-1.5808338053951378,0
993,-0.5734104141533061,0.5522999376795232,1.2102110071114698,0
994,-0.8802060713154545,0.08199555641356042,-0.06925190386616609,0
995,-0.24795003081853428,0.5006657213812097,-0.21927612226644566,1
996,-1.9188099778361307,0.18384954475369486,-1.4482635742954604,0
997,-0.6050826944619373,-0.49190244750620515,1.8893029362001228,0
998,-0.7426918798993529,0.2658782296520485,-0.7921632269932372,0
999,2.1894231949987386,0.7426824183597224,-2.0758252645579036,1
